105
15 4
15 5
15 6
15 7
15 8
15 9
15 10
15 11
15 12
15 13
15 14
15 15
15 16
15 17
15 18
15 19
15 20
15 21
15 22
15 23
15 24
16 4
16 5
16 6
16 7
16 8
16 9
16 10
16 11
16 12
16 13
16 14
16 15
16 16
16 17
16 18
16 19
16 20
16 21
16 22
16 23
16 24
17 4
17 5
17 6
17 7
17 8
17 9
17 10
17 11
17 12
17 13
17 14
17 15
17 16
17 17
17 18
17 19
17 20
17 21
17 22
17 23
17 24
18 4
18 5
18 6
18 7
18 8
18 9
18 10
18 11
18 12
18 13
18 14
18 15
18 16
18 17
18 18
18 19
18 20
18 21
18 22
18 23
18 24
21 4
21 5
21 6
21 7
21 8
21 9
21 10
21 11
21 12
21 13
21 14
21 15
21 16
21 17
21 18
21 19
21 20
21 21
21 22
21 23
21 24