2 71
2 72
2 73
2 74
3 71
3 72
3 73
3 74
3 75
3 76
4 71
4 72
4 73
4 74
4 75
4 76
5 69
5 70
5 71
5 72
5 73
5 74
5 75
5 76
6 69
6 70
6 71
6 72
6 73
6 74
6 75
6 76
7 69
7 70
7 71
7 72
7 73
7 74
7 75
7 76
8 69
8 70
8 71
8 72
8 73
8 74
8 75
8 76
9 67
9 68
9 69
9 70
9 71
9 72
9 73
9 74
9 75
9 76
10 67
10 68
10 69
10 70
10 71
10 72
10 73
11 67
11 68
11 69
11 70
11 71
11 72
11 73
12 67
12 68
12 69
12 70
12 71
12 72
12 73
13 67
13 68
13 69
13 70
13 71
13 72
13 73
14 67
14 68
14 69
14 70
14 71
14 72
14 73
15 67
15 68
15 69
15 70
15 71
15 72
15 73
16 67
16 68
16 69
16 70
16 71
16 72
16 73
17 67
17 68
17 69
17 70
17 71
17 72
17 73
18 67
18 68
18 69
18 70
18 71
18 72
18 73
19 67
19 68
19 69
19 70
19 71
19 72
19 73
20 67
20 68
20 69
20 70
20 71
20 72
20 73
21 57
21 58
21 59
21 60
21 61
21 62
21 63
21 64
21 65
21 66
21 67
21 68
21 69
21 70
21 71
21 72
21 73
22 54
22 55
22 56
22 57
22 58
22 59
22 60
22 61
22 62
22 63
22 64
22 65
22 66
22 67
22 68
22 69
22 70
22 71
22 72
22 73