111
2 55
2 56
2 57
2 58
2 59
2 60
2 61
2 62
2 63
3 55
3 56
3 57
3 58
3 59
3 60
3 61
3 62
3 63
4 55
4 56
4 57
4 58
4 59
4 60
4 61
4 62
4 63
5 55
5 56
5 57
5 58
5 59
5 60
5 61
5 62
5 63
6 55
6 56
6 57
6 58
6 59
6 60
6 61
6 62
6 63
7 55
7 56
7 57
7 58
7 59
7 60
7 61
8 55
8 56
8 57
8 58
8 59
8 60
8 61
9 55
9 56
9 57
9 58
9 59
9 60
9 61
10 53
10 54
10 55
10 56
10 57
10 58
10 59
10 60
10 61
11 49
11 50
11 51
11 52
11 53
11 54
11 55
11 56
11 57
12 49
12 50
12 51
12 52
12 53
12 54
12 55
12 56
12 57
13 49
13 50
13 51
13 52
13 53
13 54
13 55
13 56
13 57
14 49
14 50
14 51
14 52
14 53
14 54
14 55
14 56
14 57