148
2 20
2 21
2 22
2 23
2 24
2 25
2 26
2 27
3 20
3 21
3 22
3 23
3 24
3 25
3 26
3 27
4 20
4 21
4 22
4 23
4 24
4 25
5 20
5 21
5 22
5 23
5 24
5 25
6 20
6 21
6 22
6 23
6 24
6 25
7 20
7 21
7 22
7 23
7 24
7 25
8 20
8 21
8 22
8 23
8 24
8 25
9 20
9 21
9 22
9 23
9 24
9 25
10 20
10 21
10 22
10 23
10 24
10 25
11 20
11 21
11 22
11 23
11 24
11 25
11 26
11 27
11 28
11 29
11 30
11 31
11 32
11 33
11 34
12 20
12 21
12 22
12 23
12 24
12 25
12 26
12 27
12 28
12 29
12 30
12 31
12 32
12 33
12 34
13 20
13 21
13 22
13 23
13 24
13 25
13 26
13 27
13 28
13 29
13 30
13 31
13 32
13 33
13 34
14 20
14 21
14 22
14 23
14 24
14 25
14 26
14 27
14 28
14 29
14 30
14 31
14 32
14 33
14 34
15 20
15 21
15 22
15 23
15 24
15 25
15 26
15 27
15 28
15 29
15 30
15 31
15 32
15 33
15 34
16 20
16 21
16 22
16 23
16 24
16 25
16 26
16 27
16 28
16 29
16 30
16 31
16 32
16 33
16 34